1581896675.114224,1
1581896675.219260,10
1581896675.324151,17
1581896675.429301,20
1581896675.534281,20
1581896675.637611,20
1581896675.742889,20
1581896675.848095,18
1581896675.953082,20
1581896676.056213,19
1581896676.161111,19
1581896676.265184,19
1581896676.370095,19
1581896676.474779,19
1581896676.579098,20
1581896676.684321,20
1581896676.787948,19
1581896676.891977,20
1581896676.995689,17
1581896677.099549,19
1581896677.204536,18
1581896677.307564,15
1581896677.412657,18
1581896677.518072,19
1581896677.623153,19
1581896677.728553,19
1581896677.836864,20
1581896677.941964,18
1581896678.046778,14
1581896678.151966,12
1581896678.255637,12
1581896678.360650,12
1581896678.465843,13
1581896678.570937,12
1581896678.675661,13
1581896678.780594,14
1581896678.885490,15
1581896678.990714,14
1581896679.095555,15
1581896679.200768,16
1581896679.305517,16
1581896679.410570,15
1581896679.514973,17
1581896679.619907,17
1581896679.724935,17
1581896679.830441,18
1581896679.934508,18
1581896680.039875,18
1581896680.144986,14
1581896680.248667,14
1581896680.353705,13
1581896680.457147,11
1581896680.562051,11
1581896680.665724,12
1581896680.770655,12
1581896680.875191,12
1581896680.980583,12
1581896681.086192,12
1581896681.191506,13
1581896681.296803,13
1581896681.401959,14
1581896681.505705,17
1581896681.610504,16
1581896681.715516,15
1581896681.820818,16
1581896681.925649,16
1581896682.030475,17
1581896682.135125,17
1581896682.238998,16
1581896682.343021,17
1581896682.447889,18
1581896682.552904,17
1581896682.657606,17
1581896682.762751,16
1581896682.868038,17
1581896682.972952,18
1581896683.078249,18
1581896683.183443,18
1581896683.287895,18
1581896683.392992,19
1581896683.498182,18
1581896683.603513,17
1581896683.708780,18
1581896683.814054,18
1581896683.916675,18
1581896684.021652,16
1581896684.126775,15
1581896684.231674,16
1581896684.336772,16
1581896684.442305,16
1581896684.546307,16
1581896684.651334,17
1581896684.756445,17
1581896684.860296,17
1581896684.965462,17
1581896685.070393,17
1581896685.175404,16
1581896685.285535,17
1581896685.390227,18
1581896685.495396,18
1581896685.600436,19
1581896685.704849,19
1581896685.809995,17
1581896685.915046,17
1581896686.020508,18
1581896686.125140,18
1581896686.230247,18
1581896686.334753,18
1581896686.439706,17
1581896686.544086,17
1581896686.649610,19
1581896686.755067,19
1581896686.860043,17
1581896686.965195,15
1581896687.069480,13
1581896687.174510,12
1581896687.277733,13
1581896687.382954,15
1581896687.488065,15
1581896687.593145,15
1581896687.697209,16
1581896687.802001,17
1581896687.905633,19
1581896688.010283,19
1581896688.115327,18
1581896688.220841,16
1581896688.324862,12
1581896688.428715,12
1581896688.534060,13
1581896688.638419,12
1581896688.741489,11
1581896688.846649,12
1581896688.951435,13
1581896689.055261,12
1581896689.159042,13
1581896689.264089,12
1581896689.366560,13
1581896689.471172,13
1581896689.576516,13
1581896689.681166,12
1581896689.791093,13
1581896689.895399,14
1581896690.000618,14
1581896690.105537,14
1581896690.210829,14
1581896690.315405,15
1581896690.420653,15
1581896690.526110,15
1581896690.631224,16
1581896690.735534,16
1581896690.840227,16
1581896690.945258,16
1581896691.049990,15
1581896691.154681,16
1581896691.259670,16
1581896691.364935,17
1581896691.468556,17
1581896691.573709,17
1581896691.678806,18
1581896691.783977,18
1581896691.889297,18
1581896691.994383,19
1581896692.098573,19
1581896692.203691,19
1581896692.308852,19
1581896692.413592,19
1581896692.518800,19
1581896692.623826,19
1581896692.728941,18
1581896692.833987,16
1581896692.938717,16
1581896693.043728,15
1581896693.148856,15
1581896693.253875,17
1581896693.357343,17
1581896693.460226,17
1581896693.564987,17
1581896693.669921,19
1581896693.771872,19
1581896693.877008,16
1581896693.982233,17
1581896694.087212,15
1581896694.192208,14
1581896694.297336,14
1581896694.402289,14
1581896694.507941,17
1581896694.613050,16
1581896694.719642,18
1581896694.822339,18
1581896694.925845,19
1581896695.028265,19
1581896695.133310,18
1581896695.237825,19
1581896695.342599,18
1581896695.447384,16
1581896695.552736,15
1581896695.656892,16
1581896695.761954,17
1581896695.867327,18
1581896695.972566,18
1581896696.076177,17
1581896696.180502,17
1581896696.285246,16
1581896696.389714,18
1581896696.494612,13
1581896696.600004,12
1581896696.705449,10
1581896696.810554,9
1581896696.915419,10
1581896697.020647,9
1581896697.125658,10
1581896697.229174,10
1581896697.334486,9
1581896697.437820,10
1581896697.542865,10
1581896697.646094,10
1581896697.751293,11
1581896697.856296,11
1581896697.960440,12
1581896698.064482,12
1581896698.169204,12
1581896698.274336,12
1581896698.377643,12
1581896698.482671,12
1581896698.586229,13
1581896698.690594,13
1581896698.795848,14
1581896698.900059,14
1581896699.005234,15
1581896699.110128,16
1581896699.215079,16
1581896699.320082,17
1581896699.424989,17
1581896699.529473,17
1581896699.634552,17
1581896699.739664,18
1581896699.844803,16
1581896699.949914,18
1581896700.055238,17
1581896700.160146,17
1581896700.265158,17
1581896700.370307,18
1581896700.475471,18
1581896700.579429,18
1581896700.684281,19
1581896700.788749,18
1581896700.894252,19
1581896700.997969,19
1581896701.102767,18
1581896701.207843,17
1581896701.312905,16
1581896701.417990,16
1581896701.523262,15
1581896701.634173,16
1581896701.736432,18
1581896701.841658,20
1581896701.946133,19
1581896702.050453,19
1581896702.155524,18
1581896702.260017,17
1581896702.364628,16
1581896702.468292,16
1581896702.573880,17
1581896702.679206,17
1581896702.784210,18
1581896702.887677,19
1581896702.992673,18
1581896703.097827,18
1581896703.202942,18
1581896703.306507,19
1581896703.410452,18
1581896703.515415,19
1581896703.620675,15
1581896703.725346,16
1581896703.830706,14
1581896703.936227,15
1581896704.041304,14
1581896704.146184,16
1581896704.251284,10
1581896704.355611,9
1581896704.460742,7
1581896704.566044,7
1581896704.669948,7
1581896704.774988,8
1581896704.880328,8
1581896704.985062,8
1581896705.089011,9
1581896705.194161,10
1581896705.298752,10
1581896705.403820,10
1581896705.508870,11
1581896705.613849,11
1581896705.718789,12
1581896705.824100,12
1581896705.928187,14
1581896706.033037,13
1581896706.138031,13
1581896706.242659,13
1581896706.347139,13
1581896706.452261,14
1581896706.555832,14
1581896706.660957,15
1581896706.766079,15
1581896706.871336,15
1581896706.975886,15
1581896707.080985,15
1581896707.186017,16
1581896707.290827,16
1581896707.395760,16
1581896707.499762,16
1581896707.605039,17
1581896707.708653,17
1581896707.817886,17
1581896707.923140,17
1581896708.028239,17
1581896708.133236,17
1581896708.238760,17
1581896708.343874,18
1581896708.448188,18
1581896708.553613,18
1581896708.657539,18
1581896708.762361,18
1581896708.867350,18
1581896708.972531,19
1581896709.076740,19
1581896709.181830,17
1581896709.286835,16
1581896709.391761,17
1581896709.495880,18
1581896709.601034,20
1581896709.705786,17
1581896709.810808,17
1581896709.914896,15
1581896710.019538,14
1581896710.124791,14
1581896710.228459,15
1581896710.333165,14
1581896710.438393,15
1581896710.543581,15
1581896710.648708,15
1581896710.754262,15
1581896710.859405,15
1581896710.964587,16
1581896711.069353,18
1581896711.174718,18
1581896711.278948,18
1581896711.384150,17
1581896711.488121,18
1581896711.593258,19
1581896711.697548,20
1581896711.802361,19
1581896711.906690,20
1581896712.011536,19
1581896712.115841,18
1581896712.218677,16
1581896712.323075,19
1581896712.426101,17
1581896712.531209,15
1581896712.635823,15
1581896712.743326,13
1581896712.848618,9
1581896712.953930,10
1581896713.056558,10
1581896713.162236,10
1581896713.267253,11
1581896713.371991,11
1581896713.476612,10
1581896713.581645,11
1581896713.686816,11
1581896713.791819,10
1581896713.896790,11
1581896714.001613,11
1581896714.106564,10
1581896714.212024,11
1581896714.317451,11
1581896714.422674,11
1581896714.526651,11
1581896714.631360,12
1581896714.736215,13
1581896714.841399,13
1581896714.946220,14
1581896715.050542,13
1581896715.155609,13
1581896715.260806,15
1581896715.365657,14
1581896715.469333,16
1581896715.574673,14
1581896715.679012,16
1581896715.784511,15
1581896715.889495,17
1581896715.994719,16
1581896716.099685,16
1581896716.204903,17
1581896716.309964,17
1581896716.414976,18
1581896716.517826,17
1581896716.622941,19
1581896716.727173,18
1581896716.832217,18
1581896716.937360,19
1581896717.042681,18
1581896717.146132,18
1581896717.250848,18
1581896717.355411,18
1581896717.459456,18
1581896717.564200,18
1581896717.667866,18
1581896717.772943,18
1581896717.882528,16
1581896717.987606,17
1581896718.092741,13
1581896718.198017,14
1581896718.303544,12
1581896718.408827,12
1581896718.514013,15
1581896718.619197,14
1581896718.723879,14
1581896718.828972,16
1581896718.933301,17
1581896719.036206,17
1581896719.141420,17
1581896719.246300,18
1581896719.350962,19
1581896719.456109,19
1581896719.560300,18
1581896719.665312,18
1581896719.770330,16
1581896719.875644,13
1581896719.979439,12
1581896720.084225,13
1581896720.189303,14
1581896720.294606,13
1581896720.397023,8
1581896720.501976,8
1581896720.607131,7
1581896720.712562,9
1581896720.818029,9
1581896720.923017,10
1581896721.027330,10
1581896721.132419,10
1581896721.236230,11
1581896721.341314,10
1581896721.446082,11
1581896721.550122,11
1581896721.655355,11
1581896721.759381,12
1581896721.864623,12
1581896721.968497,12
1581896722.073527,13
1581896722.176509,13
1581896722.281513,13
1581896722.386554,14
1581896722.491476,14
1581896722.595797,14
1581896722.700938,14
1581896722.809555,15
1581896722.914496,15
1581896723.019417,15
1581896723.124436,16
1581896723.228638,16
1581896723.332790,16
1581896723.436437,16
1581896723.541407,16
1581896723.646198,16
1581896723.750739,16
1581896723.855138,17
1581896723.960045,17
1581896724.064953,17
1581896724.167636,18
1581896724.272066,18
1581896724.376608,18
1581896724.481569,18
1581896724.586552,19
1581896724.691295,20
1581896724.795342,19
1581896724.900361,19
1581896725.005433,19
1581896725.109406,19
1581896725.214485,18
1581896725.318934,16
1581896725.423817,16
1581896725.528348,18
1581896725.632084,17
1581896725.736614,19
1581896725.841539,17
1581896725.945938,17
1581896726.049568,16
1581896726.154673,15
1581896726.257080,15
1581896726.362210,16
1581896726.467100,15
1581896726.572417,15
1581896726.677993,15
1581896726.783029,17
1581896726.888014,17
1581896726.993241,17
1581896727.098305,17
1581896727.203505,18
1581896727.308728,19
1581896727.412241,19
1581896727.517030,17
1581896727.621829,18
1581896727.726799,17
1581896727.831874,18
1581896727.936980,18
1581896728.042561,18
1581896728.146204,17
1581896728.251209,18
1581896728.356309,18
1581896728.461352,20
1581896728.566827,19
1581896728.672151,19
1581896728.777130,18
1581896728.881918,16
1581896728.986873,13
1581896729.091982,11
1581896729.195951,10
1581896729.301043,8
1581896729.405910,8
1581896729.510971,8
1581896729.616387,8
1581896729.722084,9
1581896729.827228,9
1581896729.932389,9
1581896730.037468,10
1581896730.140723,10
1581896730.245807,10
1581896730.351500,12
1581896730.456345,12
1581896730.560475,12
1581896730.665510,13
1581896730.770454,13
1581896730.875434,13
1581896730.980560,13
1581896731.085736,14
1581896731.191020,14
1581896731.295624,14
1581896731.399494,15
1581896731.504456,15
1581896731.607998,14
1581896731.712916,15
1581896731.818180,16
1581896731.923251,16
1581896732.026945,16
1581896732.131967,16
1581896732.236246,17
1581896732.341398,16
1581896732.446245,17
1581896732.550475,17
1581896732.655382,17
1581896732.757109,17
1581896732.862118,18
1581896732.966917,18
1581896733.071119,18
1581896733.175442,18
1581896733.280245,18
1581896733.385383,18
1581896733.490724,18
1581896733.595622,19
1581896733.700666,19
1581896733.805494,17
1581896733.910854,17
1581896734.016010,12
1581896734.120091,12
1581896734.225373,11
1581896734.330547,19
1581896734.435924,17
1581896734.539829,19
1581896734.645537,19
1581896734.750964,20
1581896734.855890,20
1581896734.961030,18
1581896735.066097,18
1581896735.171294,18
1581896735.276416,16
1581896735.381157,18
1581896735.485887,18
1581896735.591132,19
1581896735.695712,16
1581896735.800502,14
1581896735.905848,14
1581896736.010063,15
1581896736.115432,13
1581896736.220418,15
1581896736.325462,17
1581896736.431032,17
1581896736.535557,19
1581896736.639878,19
1581896736.744469,18
1581896736.849653,15
1581896736.954691,13
1581896737.059943,12
1581896737.165039,11
1581896737.267729,12
1581896737.372695,11
1581896737.476420,12
1581896737.581618,13
1581896737.686869,13
1581896737.791767,13
1581896737.896963,14
1581896738.001580,14
1581896738.106360,14
1581896738.210329,14
1581896738.315480,15
1581896738.419513,15
1581896738.524807,15
1581896738.627605,15
1581896738.733076,16
1581896738.836907,15
1581896738.942008,16
1581896739.046283,16
1581896739.151283,16
1581896739.255830,16
1581896739.360843,17
1581896739.465903,17
1581896739.571104,18
1581896739.676176,18
1581896739.781686,19
1581896739.886021,19
1581896739.990062,19
1581896740.094847,19
1581896740.199904,19
1581896740.305120,18
1581896740.410358,19
1581896740.515157,19
1581896740.617560,18
1581896740.722078,19
1581896740.827197,16
1581896740.932432,14
1581896741.036579,9
1581896741.141319,10
1581896741.245763,10
1581896741.350767,11
1581896741.455532,12
1581896741.560283,11
1581896741.665180,12
1581896741.770337,11
1581896741.875451,12
1581896741.986631,12
1581896742.092151,14
1581896742.197122,14
1581896742.302290,19
1581896742.406297,18
1581896742.511212,18
1581896742.616105,18
1581896742.721340,18
1581896742.826082,18
1581896742.931151,18
1581896743.036215,18
1581896743.140166,13
1581896743.245278,15
1581896743.349960,15
1581896743.455083,16
1581896743.560436,16
1581896743.665927,17
1581896743.770993,17
1581896743.876076,18
1581896743.981262,18
1581896744.086464,18
1581896744.191797,17
1581896744.296489,19
1581896744.401359,17
1581896744.506062,14
1581896744.610124,13
1581896744.715128,14
1581896744.820043,14
1581896744.925630,12
1581896745.030640,13
1581896745.135692,8
1581896745.239445,8
1581896745.344513,8
1581896745.448131,8
1581896745.553328,10
1581896745.658619,9
1581896745.763587,10
1581896745.868820,11
1581896745.973803,11
1581896746.077842,11
1581896746.182833,11
1581896746.286818,12
1581896746.391628,12
1581896746.496788,12
1581896746.601762,13
1581896746.706920,13
1581896746.810925,13
1581896746.916080,14
1581896747.020400,14
1581896747.125262,14
1581896747.230684,14
1581896747.335310,15
1581896747.439004,15
1581896747.543583,15
1581896747.648555,16
1581896747.753785,16
1581896747.859092,15
1581896747.964167,17
1581896748.069368,16
1581896748.174609,17
1581896748.279742,16
1581896748.383729,17
1581896748.488901,17
1581896748.594151,17
1581896748.697474,18
1581896748.802669,18
1581896748.907482,18
1581896749.012542,17
1581896749.116701,19
1581896749.221874,20
1581896749.326642,18
1581896749.431665,19
1581896749.536922,19
1581896749.642126,19
1581896749.747107,18
1581896749.852517,16
1581896749.957181,16
1581896750.061001,11
1581896750.163582,11
1581896750.267196,13
1581896750.372271,19
1581896750.477173,17
1581896750.581116,19
1581896750.685872,18
1581896750.791045,18
1581896750.896246,18
1581896750.999966,18
1581896751.105121,18
1581896751.208346,17
1581896751.313741,18
1581896751.418834,19
1581896751.524023,18
1581896751.627645,18
1581896751.732665,16
1581896751.837238,14
1581896751.942367,13
1581896752.047598,17
1581896752.152589,18
1581896752.256382,12
1581896752.360337,5
1581896752.465512,6
1581896752.569618,6
1581896752.675122,5
1581896752.778430,7
1581896752.883554,8
1581896752.988540,8
1581896753.093078,8
1581896753.198252,9
1581896753.303297,10
1581896753.408597,10
1581896753.513520,11
1581896753.617295,11
1581896753.722337,11
1581896753.826618,12
1581896753.931477,12
1581896754.036277,12
1581896754.141073,14
1581896754.246115,13
1581896754.351171,13
1581896754.455817,13
1581896754.560005,14
1581896754.665228,14
1581896754.770413,14
1581896754.875825,15
1581896754.977855,15
1581896755.082630,15
1581896755.187455,15
1581896755.292528,15
1581896755.396705,16
1581896755.501703,15
1581896755.606799,16
1581896755.711932,16
1581896755.816029,16
1581896755.921087,17
1581896756.025933,17
1581896756.130800,17
1581896756.236048,17
1581896756.341117,18
1581896756.446088,18
1581896756.550685,17
1581896756.655762,18
1581896756.760906,18
1581896756.866120,20
1581896756.971220,19
1581896757.076637,19
1581896757.180424,19
1581896757.285420,19
1581896757.388434,19
1581896757.492778,19
1581896757.598165,19
1581896757.703516,15
1581896757.807214,14
1581896757.911257,13
1581896758.015997,13
1581896758.120660,13
1581896758.225887,10
1581896758.329195,12
1581896758.434315,14
1581896758.539267,14
1581896758.644281,15
1581896758.747039,15
1581896758.852232,16
1581896758.957423,17
1581896759.062258,18
1581896759.167105,18
1581896759.272122,19
1581896759.377284,16
1581896759.481408,17
1581896759.586526,18
1581896759.691282,18
1581896759.796388,14
1581896759.901928,7
1581896760.006463,7
1581896760.111819,7
1581896760.216901,6
1581896760.321041,7
1581896760.426110,8
1581896760.531252,9
1581896760.636409,8
1581896760.741252,9
1581896760.845873,9
1581896760.950730,11
1581896761.055568,10
1581896761.160608,9
1581896761.265914,10
1581896761.369974,11
1581896761.475335,11
1581896761.579019,11
1581896761.684488,11
1581896761.787472,12
1581896761.892494,12
1581896761.997950,13
1581896762.103091,13
1581896762.208023,14
1581896762.313136,14
1581896762.417738,15
1581896762.521830,15
1581896762.626530,14
1581896762.731437,15
1581896762.836368,15
1581896762.941016,16
1581896763.046108,15
1581896763.150924,16
1581896763.255575,16
1581896763.360199,16
1581896763.465442,18
1581896763.570020,18
1581896763.675039,18
1581896763.780169,18
1581896763.885384,19
1581896763.989875,19
1581896764.095239,18
1581896764.200167,19
1581896764.305277,19
1581896764.410237,19
1581896764.515279,18
1581896764.620390,19
1581896764.725462,18
1581896764.830944,19
1581896764.936767,16
1581896765.042460,16
1581896765.146614,11
1581896765.252183,9
1581896765.356868,10
1581896765.460708,11
1581896765.565940,11
1581896765.669912,11
1581896765.774694,19
1581896765.877976,16
1581896765.983259,18
1581896766.087332,19
1581896766.192448,19
1581896766.297511,19
1581896766.402840,17
1581896766.507357,17
1581896766.611470,16
1581896766.716453,14
1581896766.821982,15
1581896766.927075,15
1581896767.032094,16
1581896767.136946,16
1581896767.241756,16
1581896767.346911,17
1581896767.452049,17
1581896767.557187,18
1581896767.662326,18
1581896767.767224,18
1581896767.872215,19
1581896767.977365,19
1581896768.082424,17
1581896768.187952,17
1581896768.293676,17
1581896768.398360,15
1581896768.503644,11
1581896768.608220,9
1581896768.713321,6
1581896768.817467,6
1581896768.919959,7
1581896769.024915,8
1581896769.128946,8
1581896769.233619,8
1581896769.338911,9
1581896769.443927,9
1581896769.549119,10
1581896769.654383,11
1581896769.758328,11
1581896769.862347,12
1581896769.967485,12
1581896770.072628,12
1581896770.176733,12
1581896770.281581,12
1581896770.386138,13
1581896770.491110,13
1581896770.596022,13
1581896770.700043,14
1581896770.805044,14
1581896770.910126,16
1581896771.015086,14
1581896771.120553,15
1581896771.225763,15
1581896771.328346,15
1581896771.433411,16
1581896771.536983,16
1581896771.640795,16
1581896771.745853,17
1581896771.849974,17
1581896771.955288,17
1581896772.058814,16
1581896772.163383,17
1581896772.266959,17
1581896772.371985,18
1581896772.476645,18
1581896772.581449,18
1581896772.686057,18
1581896772.795275,18
1581896772.900674,19
1581896773.006699,19
1581896773.111759,18
1581896773.216600,19
1581896773.321696,19
1581896773.426728,18
1581896773.531968,17
1581896773.637525,16
1581896773.743239,11
1581896773.848351,18
1581896773.953280,16
1581896774.058599,19
1581896774.163752,18
1581896774.268872,19
1581896774.373976,17
1581896774.477694,17
1581896774.581424,18
1581896774.685599,18
1581896774.790655,18
1581896774.895683,20
1581896774.998565,19
1581896775.103432,17
1581896775.208203,14
1581896775.313348,13
1581896775.417075,13
1581896775.522179,14
1581896775.626825,16
1581896775.730567,15
1581896775.836064,16
1581896775.940448,16
1581896776.045431,16
1581896776.150443,16
1581896776.255825,14
1581896776.360977,11
1581896776.465820,10
1581896776.568131,10
1581896776.673193,11
1581896776.777287,12
1581896776.880903,12
1581896776.986778,13
1581896777.091998,12
1581896777.196919,13
1581896777.302085,13
1581896777.407070,13
1581896777.512082,13
1581896777.616760,14
1581896777.722033,14
1581896777.826926,14
1581896777.931541,15
1581896778.036457,15
1581896778.141192,14
1581896778.246319,15
1581896778.350953,16
1581896778.455561,16
1581896778.560586,16
1581896778.665830,16
1581896778.770798,17
1581896778.875761,16
1581896778.980606,18
1581896779.086123,17
1581896779.190105,18
1581896779.295048,17
1581896779.399177,18
1581896779.504562,18
1581896779.610345,18
1581896779.715414,19
1581896779.832177,18
1581896779.936826,18
1581896780.041609,18
1581896780.146715,18
1581896780.250980,19
1581896780.355773,17
1581896780.460767,17
1581896780.565882,11
1581896780.670784,11
1581896780.776127,11
1581896780.881028,12
1581896780.986253,12
1581896781.090681,12
1581896781.196134,13
1581896781.298835,13
1581896781.404076,16
1581896781.508639,13
1581896781.613417,19
1581896781.718553,17
1581896781.824068,18
1581896781.928904,17
1581896782.034228,17
1581896782.139307,19
1581896782.244389,18
1581896782.349193,19
1581896782.454365,20
1581896782.558784,19
1581896782.664360,19
1581896782.769402,17
1581896782.874199,16
1581896782.979754,16
1581896783.084849,15
1581896783.189290,15
1581896783.293031,16
1581896783.397976,13
1581896783.502975,7
1581896783.608140,5
1581896783.713346,5
1581896783.817458,6
1581896783.922455,6
1581896784.026361,7
1581896784.129109,9
1581896784.234209,10
1581896784.338765,9
1581896784.443908,10
1581896784.548868,11
1581896784.652692,10
1581896784.757277,11
1581896784.862315,12
1581896784.966789,12
1581896785.071083,12
1581896785.176273,12
1581896785.278747,13
1581896785.383107,13
1581896785.487063,13
1581896785.590960,14
1581896785.695822,14
1581896785.800639,14
1581896785.905596,14
1581896786.009139,15
1581896786.114503,14
1581896786.219494,15
1581896786.324768,15
1581896786.428045,15
1581896786.532871,15
1581896786.636810,16
1581896786.741811,16
1581896786.846818,16
1581896786.951722,17
1581896787.056425,17
1581896787.161631,16
1581896787.263839,17
1581896787.367499,17
1581896787.472367,18
1581896787.577346,17
1581896787.682783,19
1581896787.791224,19
1581896787.896308,18
1581896788.001221,20
1581896788.106053,19
1581896788.210714,19
1581896788.315949,19
1581896788.420743,19
1581896788.527172,20
1581896788.632277,17
1581896788.737599,17
1581896788.841890,12
1581896788.947249,11
1581896789.051137,12
1581896789.156151,12
1581896789.259947,12
1581896789.365111,11
1581896789.469902,12
1581896789.575062,13
1581896789.679771,13
1581896789.785147,14
1581896789.889377,14
1581896789.994376,16
1581896790.100109,16
1581896790.205566,17
1581896790.310113,17
1581896790.415429,19
1581896790.520891,19
1581896790.626309,20
1581896790.728496,18
1581896790.832729,16
1581896790.937836,15
1581896791.042969,15
1581896791.147242,16
1581896791.252114,14
1581896791.357165,12
1581896791.461391,9
1581896791.566528,7
1581896791.671895,7
1581896791.777164,7
1581896791.881237,8
1581896791.986509,8
1581896792.091275,9
1581896792.194194,9
1581896792.297996,9
1581896792.402941,10
1581896792.507971,10
1581896792.611673,10
1581896792.716311,10
1581896792.821233,11
1581896792.926000,11
1581896793.030901,11
1581896793.136388,12
1581896793.241190,12
1581896793.346421,12
1581896793.451586,13
1581896793.556677,13
1581896793.660424,13
1581896793.765511,14
1581896793.870781,15
1581896793.975857,15
1581896794.079557,15
1581896794.184669,16
1581896794.288626,16
1581896794.393435,16
1581896794.498478,17
1581896794.603572,17
1581896794.708737,18
1581896794.813254,17
1581896794.917478,18
1581896795.022568,18
1581896795.128352,19
1581896795.233616,19
1581896795.337685,19
1581896795.442540,19
1581896795.547153,19
1581896795.652100,19
1581896795.757039,19
1581896795.862771,17
1581896795.967881,19
1581896796.073242,18
1581896796.178722,17
1581896796.283896,16
1581896796.389019,15
1581896796.493787,13
1581896796.597707,17
1581896796.701644,17
1581896796.807194,18
1581896796.911716,19
1581896797.013760,17
1581896797.118594,19
1581896797.222921,18
1581896797.327640,17
1581896797.432684,19
1581896797.537606,19
1581896797.642539,19
1581896797.747646,19
1581896797.852631,18
1581896797.957325,18
1581896798.059943,16
1581896798.164790,14
1581896798.268939,15
1581896798.372813,16
1581896798.476663,14
1581896798.580578,17
1581896798.685799,15
1581896798.791023,15
1581896798.896200,16
1581896799.001153,12
1581896799.105712,11
1581896799.210069,11
1581896799.315108,11
1581896799.420095,11
1581896799.525232,11
1581896799.630032,12
1581896799.737227,12
1581896799.846285,12
1581896799.951022,13
1581896800.054809,13
1581896800.158420,13
1581896800.263346,12
1581896800.368429,14
1581896800.473771,14
1581896800.579489,14
1581896800.684532,15
1581896800.788399,15
1581896800.893765,15
1581896800.998352,15
1581896801.103422,16
1581896801.208571,15
1581896801.313139,16
1581896801.417700,16
1581896801.521746,17
1581896801.626309,17
1581896801.728659,18
1581896801.833805,18
1581896801.937935,18
1581896802.042989,19
1581896802.148317,19
1581896802.252877,19
1581896802.357616,19
1581896802.461544,19
1581896802.566626,20
1581896802.671961,18
1581896802.780506,19
1581896802.885433,19
1581896802.990565,18
1581896803.095590,17
1581896803.200237,16
1581896803.304507,14
1581896803.409747,10
1581896803.515026,10
1581896803.620263,11
1581896803.725304,11
1581896803.829486,11
1581896803.934504,11
1581896804.038440,12
1581896804.144217,13
1581896804.248565,14
1581896804.353667,20
1581896804.457991,19
1581896804.562955,19
1581896804.667187,19
1581896804.772257,18
1581896804.877401,17
1581896804.981193,16
1581896805.085992,15
1581896805.190994,13
1581896805.296495,14
1581896805.401376,15
1581896805.506149,15
1581896805.611191,17
1581896805.715973,16
1581896805.821071,17
1581896805.926088,18
1581896806.031673,19
1581896806.136962,19
1581896806.240768,19
1581896806.345537,20
1581896806.449680,18
1581896806.555168,20
1581896806.660111,17
1581896806.764329,19
1581896806.868703,18
1581896806.972880,18
1581896807.077589,16
1581896807.181521,9
1581896807.286837,8
1581896807.389174,7
1581896807.494510,7
1581896807.598309,8
1581896807.702151,8
1581896807.806912,8
1581896807.912029,9
1581896808.017449,10
1581896808.120439,9
1581896808.225386,10
1581896808.328260,11
1581896808.433225,10
1581896808.538248,12
1581896808.643321,13
1581896808.747535,13
1581896808.852424,13
1581896808.957112,13
1581896809.061950,14
1581896809.166978,13
1581896809.272265,14
1581896809.377120,14
1581896809.482149,15
1581896809.586990,14
1581896809.692434,15
1581896809.797667,15
1581896809.902731,15
1581896810.007303,16
1581896810.111509,16
1581896810.216183,16
1581896810.319986,16
1581896810.424870,17
1581896810.528132,17
1581896810.632155,17
1581896810.737288,17
1581896810.842560,17
1581896810.947552,17
1581896811.052614,17
1581896811.157270,18
1581896811.262403,18
1581896811.367177,18
1581896811.472249,19
1581896811.577233,18
1581896811.682283,18
1581896811.787210,19
1581896811.892383,19
1581896811.997293,18
1581896812.101254,16
1581896812.203615,17
1581896812.308746,12
1581896812.413342,19
1581896812.518702,17
1581896812.624077,19
1581896812.727843,18
1581896812.831776,20
1581896812.936853,20
1581896813.041164,18
1581896813.146453,18
1581896813.251391,17
1581896813.356468,14
1581896813.461270,14
1581896813.566311,15
1581896813.671313,12
1581896813.776395,14
1581896813.881392,13
1581896813.986397,14
1581896814.090979,16
1581896814.196220,14
1581896814.299931,14
1581896814.405220,15
1581896814.510362,17
1581896814.615546,17
1581896814.720503,17
1581896814.825485,16
1581896814.930783,13
1581896815.036734,12
1581896815.140688,11
1581896815.245841,11
1581896815.351325,11
1581896815.456034,12
1581896815.561847,13
1581896815.667052,12
1581896815.772432,13
1581896815.877410,13
1581896815.982405,14
1581896816.087645,13
1581896816.192472,14
1581896816.297610,14
1581896816.402376,14
1581896816.507332,15
1581896816.612379,15
1581896816.717413,15
1581896816.822488,15
1581896816.927643,16
1581896817.032844,16
1581896817.137434,16
1581896817.242467,16
1581896817.347502,17
1581896817.451370,16
1581896817.556180,17
1581896817.660013,18
1581896817.765313,17
1581896817.873900,17
1581896817.977864,18
1581896818.082968,18
1581896818.187992,17
1581896818.293168,18
1581896818.398415,19
1581896818.503051,18
1581896818.607486,18
1581896818.711195,19
1581896818.816344,19
1581896818.921627,19
1581896819.026861,16
1581896819.130371,16
1581896819.235297,10
1581896819.338955,11
1581896819.444246,11
1581896819.549153,12
1581896819.654363,11
1581896819.758759,12
1581896819.863774,13
1581896819.968331,13
1581896820.072013,14
1581896820.176929,15
1581896820.280455,20
1581896820.385853,18
1581896820.489641,18
1581896820.594615,18
1581896820.698337,17
1581896820.803353,16
1581896820.907828,16
1581896821.013032,14
1581896821.117420,12
1581896821.222387,13
1581896821.327475,14
1581896821.431694,13
1581896821.536763,16
1581896821.641092,16
1581896821.746088,17
1581896821.850697,18
1581896821.956532,18
1581896822.061502,17
1581896822.166835,19
1581896822.270876,18
1581896822.375633,20
1581896822.480527,20
1581896822.585478,18
1581896822.690061,19
1581896822.795153,18
1581896822.898711,13
1581896823.003953,6
1581896823.108143,5
1581896823.213074,4
1581896823.318126,5
1581896823.423133,6
1581896823.527696,6
1581896823.632790,7
1581896823.737840,7
1581896823.841526,8
1581896823.946746,8
1581896824.051372,8
1581896824.156500,9
1581896824.260411,10
1581896824.365994,9
1581896824.471129,10
1581896824.576636,11
1581896824.680336,10
1581896824.784826,11
1581896824.889417,11
1581896824.994649,12
1581896825.099871,11
1581896825.204742,12
1581896825.309101,13
1581896825.414099,12
1581896825.519070,13
1581896825.623824,13
1581896825.728044,14
1581896825.833086,14
1581896825.938340,15
1581896826.042898,15
1581896826.148287,15
1581896826.253226,17
1581896826.358449,17
1581896826.463305,17
1581896826.568212,17
1581896826.673403,18
1581896826.778577,18
1581896826.884314,17
1581896826.989628,18
1581896827.095111,17
1581896827.198606,19
1581896827.303409,18
1581896827.408693,19
1581896827.513932,19
1581896827.618237,19
1581896827.723133,20
1581896827.830916,18
1581896827.936024,18
1581896828.040281,20
1581896828.144419,18
1581896828.249888,18
1581896828.355035,17
1581896828.458943,18
1581896828.564101,20
1581896828.668282,13
1581896828.772165,9
1581896828.877142,6
1581896828.982250,8
1581896829.086973,10
1581896829.191889,10
1581896829.296457,12
1581896829.400724,12
1581896829.505565,13
1581896829.610189,14
1581896829.715308,14
1581896829.820690,14
1581896829.925872,15
1581896830.028358,16
1581896830.133636,16
1581896830.238638,17
1581896830.343617,18
1581896830.448358,19
1581896830.553305,20
1581896830.658676,18
1581896830.763802,19
1581896830.868485,19
1581896830.973179,18
1581896831.078252,16
1581896831.183579,15
1581896831.287601,14
1581896831.392639,8
1581896831.497207,7
1581896831.602086,7
1581896831.707264,7
1581896831.811866,8
1581896831.916759,8
1581896832.021961,8
1581896832.127164,9
1581896832.232153,9
1581896832.337140,9
1581896832.442616,11
1581896832.547590,12
1581896832.651483,11
1581896832.756535,12
1581896832.859417,13
1581896832.964567,12
1581896833.068493,13
1581896833.173352,13
1581896833.277629,14
1581896833.382150,13
1581896833.487156,15
1581896833.592050,14
1581896833.697140,14
1581896833.800877,14
1581896833.905668,15
1581896834.008874,15
1581896834.113851,15
1581896834.218919,16
1581896834.324377,16
1581896834.428906,15
1581896834.534016,17
1581896834.639411,17
1581896834.746107,17
1581896834.851114,17
1581896834.956093,17
1581896835.060262,17
1581896835.165342,17
1581896835.268399,18
1581896835.373651,18
1581896835.478136,19
1581896835.582112,19
1581896835.687830,19
1581896835.791903,18
1581896835.896957,18
1581896836.001963,19
1581896836.106713,19
1581896836.211807,18
1581896836.316826,16
1581896836.421740,14
1581896836.526587,11
1581896836.631715,10
1581896836.736781,18
1581896836.839283,18
1581896836.944649,19
1581896837.049911,19
1581896837.155139,19
1581896837.260027,18
1581896837.364955,17
1581896837.468583,19
1581896837.573653,17
1581896837.678691,16
1581896837.782910,16
1581896837.891796,15
1581896837.997023,14
1581896838.102408,14
1581896838.207480,16
1581896838.312184,14
1581896838.417545,16
1581896838.522458,15
1581896838.627622,14
1581896838.732624,18
1581896838.837270,17
1581896838.942013,19
1581896839.046928,19
1581896839.151888,15
1581896839.256914,15
1581896839.360562,12
1581896839.466158,12
1581896839.570587,11
1581896839.675605,12
1581896839.780095,12
1581896839.886216,12
1581896839.990555,13
1581896840.096141,13
1581896840.201283,13
1581896840.306395,13
1581896840.410150,14
1581896840.515022,14
1581896840.620126,14
1581896840.725376,15
1581896840.830099,15
1581896840.935144,15
1581896841.039020,15
1581896841.144030,16
1581896841.248963,16
1581896841.353925,16
1581896841.458808,16
1581896841.564667,16
1581896841.670025,16
1581896841.775347,17
1581896841.881150,18
1581896841.986341,18
1581896842.089430,18
1581896842.194525,19
1581896842.298806,19
1581896842.403672,19
1581896842.508179,19
1581896842.613315,19
1581896842.718453,19
1581896842.827196,19
1581896842.932306,19
1581896843.037364,18
1581896843.142440,17
1581896843.247431,16
1581896843.352518,15
1581896843.457274,10
1581896843.562476,10
1581896843.667829,11
1581896843.773000,11
1581896843.877617,11
1581896843.981608,11
1581896844.086743,12
1581896844.191823,11
1581896844.296943,12
1581896844.399856,15
1581896844.505092,15
1581896844.610461,19
1581896844.715605,19
1581896844.819347,18
1581896844.924679,19
1581896845.029916,19
1581896845.135055,17
1581896845.239627,17
1581896845.344472,18
1581896845.450133,14
1581896845.555445,14
1581896845.660579,15
1581896845.765432,16
1581896845.870162,17
1581896845.975121,17
1581896846.079455,17
1581896846.184517,18
1581896846.289697,18
1581896846.394932,18
1581896846.499900,19
1581896846.605062,18
1581896846.710152,19
1581896846.815440,16
1581896846.920294,17
1581896847.024154,19
1581896847.128838,18
1581896847.233695,16
1581896847.337712,10
1581896847.440926,10
1581896847.545995,5
1581896847.650617,7
1581896847.755370,7
1581896847.858732,8
1581896847.963887,8
1581896848.068715,9
1581896848.173890,9
1581896848.278807,10
1581896848.382672,11
1581896848.487757,10
1581896848.593259,11
1581896848.698388,12
1581896848.803592,12
1581896848.908684,12
1581896849.013764,12
1581896849.118649,13
1581896849.223681,13
1581896849.328828,13
1581896849.433810,14
1581896849.539010,14
1581896849.643602,14
1581896849.750316,15
1581896849.855379,15
1581896849.960735,15
1581896850.065870,15
1581896850.171136,15
1581896850.276203,16
1581896850.381071,15
1581896850.486834,16
1581896850.590625,16
1581896850.695896,16
1581896850.800519,17
1581896850.905544,17
1581896851.010614,17
1581896851.115471,17
1581896851.219637,18
1581896851.323491,18
1581896851.428491,18
1581896851.533411,18
1581896851.638534,19
1581896851.743695,20
1581896851.848326,19
1581896851.953626,19
1581896852.057923,19
1581896852.161538,19
1581896852.266892,18
1581896852.370781,16
1581896852.473640,16
1581896852.578319,12
1581896852.682367,20
1581896852.787415,18
1581896852.889396,19
1581896852.993404,18
1581896853.098369,18
1581896853.202197,20
1581896853.307184,19
1581896853.409694,18
1581896853.513928,18
1581896853.618700,18
1581896853.723928,17
1581896853.828889,14
1581896853.933995,15
1581896854.038826,15
1581896854.143711,13
1581896854.248831,15
1581896854.354517,15
1581896854.458615,13
1581896854.563838,7
1581896854.668977,4
1581896854.774322,6
1581896854.878292,6
1581896854.983387,7
1581896855.088111,7
1581896855.192272,8
1581896855.297329,8
1581896855.402123,8
1581896855.507514,10
1581896855.611498,10
1581896855.716641,10
1581896855.820788,11
1581896855.925959,11
1581896856.031144,12
1581896856.136166,12
1581896856.241238,12
1581896856.346252,13
1581896856.449338,12
1581896856.554595,13
1581896856.660116,13
1581896856.764958,14
1581896856.869672,13
1581896856.974978,14
1581896857.079108,14
1581896857.184018,14
1581896857.288625,15
1581896857.392621,15
1581896857.497683,15
1581896857.601712,15
1581896857.706689,16
1581896857.814296,16
1581896857.919597,16
1581896858.024719,17
1581896858.130401,17
1581896858.234523,16
1581896858.339463,18
1581896858.444553,18
1581896858.548265,19
1581896858.652169,18
1581896858.757278,19
1581896858.861325,19
1581896858.966556,18
1581896859.069388,20
1581896859.174161,19
1581896859.278989,19
1581896859.382617,19
1581896859.487898,19
1581896859.593418,18
1581896859.698661,16
1581896859.803982,17
1581896859.909628,13
1581896860.015057,12
1581896860.120267,14
1581896860.225266,11
1581896860.330318,12
1581896860.435466,13
1581896860.540218,13
1581896860.645159,15
1581896860.749023,13
1581896860.852590,15
1581896860.957856,15
1581896861.061615,15
1581896861.166474,16
1581896861.271692,17
1581896861.376989,19
1581896861.482319,18
1581896861.587394,17
1581896861.689859,18
1581896861.794922,19
1581896861.898646,19
1581896862.003632,19
1581896862.108663,19
1581896862.213867,15
1581896862.318682,16
1581896862.421730,12
1581896862.526439,12
1581896862.630040,12
1581896862.735114,13
1581896862.838681,13
1581896862.942417,14
1581896863.047109,15
1581896863.151567,14
1581896863.256670,14
1581896863.361546,15
1581896863.466789,16
1581896863.570849,16
1581896863.676522,15
1581896863.779877,15
1581896863.884331,16
1581896863.989241,15
1581896864.093771,15
1581896864.198971,17
1581896864.304189,17
1581896864.408406,17
1581896864.513309,18
1581896864.618588,18
1581896864.723807,17
1581896864.828794,19
1581896864.933717,19
1581896865.038702,19
1581896865.144277,19
1581896865.249468,19
1581896865.354883,19
1581896865.459048,17
1581896865.563170,19
1581896865.668318,19
1581896865.773503,18
1581896865.878299,18
1581896865.983614,16
1581896866.088823,16
1581896866.193866,11
1581896866.298941,10
1581896866.404115,11
1581896866.507884,11
1581896866.611728,11
1581896866.715949,12
1581896866.821064,13
1581896866.926289,12
1581896867.031398,13
1581896867.136729,14
1581896867.241025,14
1581896867.346351,14
1581896867.450949,15
1581896867.555728,15
1581896867.660846,15
1581896867.766626,15
1581896867.870618,15
1581896867.973778,16
1581896868.078586,15
1581896868.183780,17
1581896868.288414,16
1581896868.392749,17
1581896868.498079,18
1581896868.603289,18
1581896868.708103,18
1581896868.813330,18
1581896868.918495,18
1581896869.023769,18
1581896869.128851,18
1581896869.233868,18
1581896869.339062,19
1581896869.444078,18
1581896869.548524,19
1581896869.653372,14
1581896869.757921,13
1581896869.863248,14
1581896869.968425,15
1581896870.072860,14
1581896870.178109,14
1581896870.283231,16
1581896870.388308,16
1581896870.492791,17
1581896870.597515,17
1581896870.702179,17
1581896870.807244,17
1581896870.910974,15
1581896871.015212,16
1581896871.118818,16
1581896871.224198,17
1581896871.328906,19
1581896871.432552,16
1581896871.537708,14
1581896871.642648,11
1581896871.747775,11
1581896871.852950,10
1581896871.958042,10
1581896872.062787,10
1581896872.167831,11
1581896872.270620,11
1581896872.375940,11
1581896872.478990,12
1581896872.583864,12
1581896872.688565,13
1581896872.791616,13
1581896872.896600,14
1581896872.999466,14
1581896873.103558,14
1581896873.208677,15
1581896873.313307,15
1581896873.418954,15
1581896873.524220,16
1581896873.629310,16
1581896873.733255,16
1581896873.838151,16
1581896873.942244,16
1581896874.047170,17
1581896874.149722,16
1581896874.254779,17
1581896874.359301,17
1581896874.464006,18
1581896874.568064,18
1581896874.672591,19
1581896874.777961,19
1581896874.882511,19
1581896874.987426,19
1581896875.090992,20
1581896875.196255,19
1581896875.299005,19
1581896875.404130,19
1581896875.509387,19
1581896875.615429,18
1581896875.720364,16
1581896875.826072,14
1581896875.930822,10
1581896876.035957,10
1581896876.139587,11
1581896876.244800,11
1581896876.349014,13
1581896876.452653,12
1581896876.557602,13
